Block1\t1, 2, 3, 15, 16, 17, 29, 30, 31, 32, 43, 44, 46, 47, 57, 58, 71
Block1\t4, 5, 6, 7, 18, 19, 33
Block1\t8, 9, 10, 11, 22, 23, 36, 37, 50, 51, 52, 64, 65, 66
Block1\t12, 13, 14, 24, 25, 26, 27, 28, 38, 39, 40, 41, 42, 53, 54, 55, 56, 67, 69, 81, 83
Block1\t20, 21, 34, 35, 45, 48, 49, 59, 60, 61, 62, 63, 74, 77, 91
Block1\t68, 82, 96, 97, 110, 123, 124, 137, 138, 151, 152, 153, 154, 167, 168
Block1\t70, 84, 98, 111, 112, 125, 126, 139, 140
Block1\t72, 73, 85, 86, 99, 100, 114
Block1\t75, 76, 80, 89, 90, 94, 95, 103, 104, 108, 109, 117, 118, 120, 121, 122, 132, 133, 134, 135, 136, 149, 150, 163, 164, 177, 178
Block1\t78, 79, 92, 93, 105, 106, 107, 119
Block1\t87, 88, 101, 102, 115, 116, 128, 129, 130, 131, 142, 143, 144
Block1\t113, 127, 141, 155, 156, 157, 158, 169, 170, 171, 172, 183, 184, 185, 186, 187
Block1\t145, 146, 147, 148, 159, 160, 161, 162, 173, 174, 175, 188, 189
Block1\t165, 166, 176, 179, 180, 181, 182, 190, 191, 192, 193, 194, 195, 196